T000: []
T001: []
T002: []
T003: []
T004: []
T005: []
T006: []
T007: []
T008: [[0 1 2] [0 1 5] [0 6 2] [0 6 5] [7 1 2] [7 1 5] [7 6 2] [7 6 5]]
T009: [[2 3 0] [2 3 7] [2 4 0] [2 4 7] [5 3 0] [5 3 7] [5 4 0] [5 4 7]]
T010: [[1 2 3] [1 2 6] [1 7 3] [1 7 6] [4 2 3] [4 2 6] [4 7 3] [4 7 6]]
T011: [[3 0 1] [3 0 4] [3 5 1] [3 5 4] [6 0 1] [6 0 4] [6 5 1] [6 5 4]]
T012: [[1 0 3] [1 0 4] [1 7 3] [1 7 4] [6 0 3] [6 0 4] [6 7 3] [6 7 4]]
T013: [[3 2 1] [3 2 6] [3 5 1] [3 5 6] [4 2 1] [4 2 6] [4 5 1] [4 5 6]]
T014: [[2 1 0] [2 1 5] [2 4 0] [2 4 5] [7 1 0] [7 1 5] [7 4 0] [7 4 5]]
T015: [[0 3 2] [0 3 7] [0 6 2] [0 6 7] [5 3 2] [5 3 7] [5 6 2] [5 6 7]]
T016: [[3 0 2] [3 0 4] [3 6 2] [3 6 4] [5 0 2] [5 0 4] [5 6 2] [5 6 4]]
T017: [[2 1 3] [2 1 5] [2 7 3] [2 7 5] [4 1 3] [4 1 5] [4 7 3] [4 7 5]]
T018: [[0 3 1] [0 3 7] [0 5 1] [0 5 7] [6 3 1] [6 3 7] [6 5 1] [6 5 7]]
T019: [[1 2 0] [1 2 6] [1 4 0] [1 4 6] [7 2 0] [7 2 6] [7 4 0] [7 4 6]]
T020: [[0 1 0] [0 1 1] [0 1 1] [0 1 2] [0 1 3] [0 1 4] [0 1 5] [0 1 6] [0 1 7] [0 1 7] [0 6 1] [0 6 7] [7 1 0] [7 1 1] [7 1 1] [7 1 2] [7 1 3] [7 1 4] [7 1 5] [7 1 6] [7 1 7] [7 1 7] [7 6 1] [7 6 7]]
T021: [[0 1 0] [0 1 6] [0 6 0] [0 6 0] [0 6 1] [0 6 2] [0 6 3] [0 6 4] [0 6 5] [0 6 6] [0 6 6] [0 6 7] [7 1 0] [7 1 6] [7 6 0] [7 6 0] [7 6 1] [7 6 2] [7 6 3] [7 6 4] [7 6 5] [7 6 6] [7 6 6] [7 6 7]]
T022: [[2 3 2] [2 3 4] [2 4 0] [2 4 1] [2 4 2] [2 4 2] [2 4 3] [2 4 4] [2 4 4] [2 4 5] [2 4 6] [2 4 7] [5 3 2] [5 3 4] [5 4 0] [5 4 1] [5 4 2] [5 4 2] [5 4 3] [5 4 4] [5 4 4] [5 4 5] [5 4 6] [5 4 7]]
T023: [[2 3 0] [2 3 1] [2 3 2] [2 3 3] [2 3 3] [2 3 4] [2 3 5] [2 3 5] [2 3 6] [2 3 7] [2 4 3] [2 4 5] [5 3 0] [5 3 1] [5 3 2] [5 3 3] [5 3 3] [5 3 4] [5 3 5] [5 3 5] [5 3 6] [5 3 7] [5 4 3] [5 4 5]]
T024: [[1 2 1] [1 2 7] [1 7 0] [1 7 1] [1 7 1] [1 7 2] [1 7 3] [1 7 4] [1 7 5] [1 7 6] [1 7 7] [1 7 7] [4 2 1] [4 2 7] [4 7 0] [4 7 1] [4 7 1] [4 7 2] [4 7 3] [4 7 4] [4 7 5] [4 7 6] [4 7 7] [4 7 7]]
T025: [[1 2 0] [1 2 1] [1 2 2] [1 2 2] [1 2 3] [1 2 4] [1 2 4] [1 2 5] [1 2 6] [1 2 7] [1 7 2] [1 7 4] [4 2 0] [4 2 1] [4 2 2] [4 2 2] [4 2 3] [4 2 4] [4 2 4] [4 2 5] [4 2 6] [4 2 7] [4 7 2] [4 7 4]]
T026: [[3 0 0] [3 0 0] [3 0 1] [3 0 2] [3 0 3] [3 0 4] [3 0 5] [3 0 6] [3 0 6] [3 0 7] [3 5 0] [3 5 6] [6 0 0] [6 0 0] [6 0 1] [6 0 2] [6 0 3] [6 0 4] [6 0 5] [6 0 6] [6 0 6] [6 0 7] [6 5 0] [6 5 6]]
T027: [[3 0 3] [3 0 5] [3 5 0] [3 5 1] [3 5 2] [3 5 3] [3 5 3] [3 5 4] [3 5 5] [3 5 5] [3 5 6] [3 5 7] [6 0 3] [6 0 5] [6 5 0] [6 5 1] [6 5 2] [6 5 3] [6 5 3] [6 5 4] [6 5 5] [6 5 5] [6 5 6] [6 5 7]]
T028: [[3 2 3] [3 2 5] [3 5 0] [3 5 1] [3 5 2] [3 5 3] [3 5 3] [3 5 4] [3 5 5] [3 5 5] [3 5 6] [3 5 7] [4 2 3] [4 2 5] [4 5 0] [4 5 1] [4 5 2] [4 5 3] [4 5 3] [4 5 4] [4 5 5] [4 5 5] [4 5 6] [4 5 7]]
T029: [[3 2 0] [3 2 1] [3 2 2] [3 2 2] [3 2 3] [3 2 4] [3 2 4] [3 2 5] [3 2 6] [3 2 7] [3 5 2] [3 5 4] [4 2 0] [4 2 1] [4 2 2] [4 2 2] [4 2 3] [4 2 4] [4 2 4] [4 2 5] [4 2 6] [4 2 7] [4 5 2] [4 5 4]]
T030: [[1 0 0] [1 0 0] [1 0 1] [1 0 2] [1 0 3] [1 0 4] [1 0 5] [1 0 6] [1 0 6] [1 0 7] [1 7 0] [1 7 6] [6 0 0] [6 0 0] [6 0 1] [6 0 2] [6 0 3] [6 0 4] [6 0 5] [6 0 6] [6 0 6] [6 0 7] [6 7 0] [6 7 6]]
T031: [[1 0 1] [1 0 7] [1 7 0] [1 7 1] [1 7 1] [1 7 2] [1 7 3] [1 7 4] [1 7 5] [1 7 6] [1 7 7] [1 7 7] [6 0 1] [6 0 7] [6 7 0] [6 7 1] [6 7 1] [6 7 2] [6 7 3] [6 7 4] [6 7 5] [6 7 6] [6 7 7] [6 7 7]]
T032: [[0 3 0] [0 3 1] [0 3 2] [0 3 3] [0 3 3] [0 3 4] [0 3 5] [0 3 5] [0 3 6] [0 3 7] [0 6 3] [0 6 5] [5 3 0] [5 3 1] [5 3 2] [5 3 3] [5 3 3] [5 3 4] [5 3 5] [5 3 5] [5 3 6] [5 3 7] [5 6 3] [5 6 5]]
T033: [[0 3 0] [0 3 6] [0 6 0] [0 6 0] [0 6 1] [0 6 2] [0 6 3] [0 6 4] [0 6 5] [0 6 6] [0 6 6] [0 6 7] [5 3 0] [5 3 6] [5 6 0] [5 6 0] [5 6 1] [5 6 2] [5 6 3] [5 6 4] [5 6 5] [5 6 6] [5 6 6] [5 6 7]]
T034: [[2 1 2] [2 1 4] [2 4 0] [2 4 1] [2 4 2] [2 4 2] [2 4 3] [2 4 4] [2 4 4] [2 4 5] [2 4 6] [2 4 7] [7 1 2] [7 1 4] [7 4 0] [7 4 1] [7 4 2] [7 4 2] [7 4 3] [7 4 4] [7 4 4] [7 4 5] [7 4 6] [7 4 7]]
T035: [[2 1 0] [2 1 1] [2 1 1] [2 1 2] [2 1 3] [2 1 4] [2 1 5] [2 1 6] [2 1 7] [2 1 7] [2 4 1] [2 4 7] [7 1 0] [7 1 1] [7 1 1] [7 1 2] [7 1 3] [7 1 4] [7 1 5] [7 1 6] [7 1 7] [7 1 7] [7 4 1] [7 4 7]]
T036: [[0 2 0] [0 2 1] [0 2 2] [0 2 2] [0 2 3] [0 2 4] [0 2 5] [0 2 5] [0 2 6] [0 2 7] [0 7 2] [0 7 5] [7 2 0] [7 2 1] [7 2 2] [7 2 2] [7 2 3] [7 2 4] [7 2 5] [7 2 5] [7 2 6] [7 2 7] [7 7 2] [7 7 5]]
T037: [[0 0 2] [0 0 5] [0 5 0] [0 5 1] [0 5 2] [0 5 2] [0 5 3] [0 5 4] [0 5 5] [0 5 5] [0 5 6] [0 5 7] [7 0 2] [7 0 5] [7 5 0] [7 5 1] [7 5 2] [7 5 2] [7 5 3] [7 5 4] [7 5 5] [7 5 5] [7 5 6] [7 5 7]]
T038: [[1 3 0] [1 3 1] [1 3 2] [1 3 3] [1 3 3] [1 3 4] [1 3 4] [1 3 5] [1 3 6] [1 3 7] [1 6 3] [1 6 4] [6 3 0] [6 3 1] [6 3 2] [6 3 3] [6 3 3] [6 3 4] [6 3 4] [6 3 5] [6 3 6] [6 3 7] [6 6 3] [6 6 4]]
T039: [[1 1 3] [1 1 4] [1 4 0] [1 4 1] [1 4 2] [1 4 3] [1 4 3] [1 4 4] [1 4 4] [1 4 5] [1 4 6] [1 4 7] [6 1 3] [6 1 4] [6 4 0] [6 4 1] [6 4 2] [6 4 3] [6 4 3] [6 4 4] [6 4 4] [6 4 5] [6 4 6] [6 4 7]]
T040: [[3 0 0] [3 0 0] [3 0 1] [3 0 2] [3 0 3] [3 0 4] [3 0 5] [3 0 5] [3 0 6] [3 0 7] [3 6 0] [3 6 5] [5 0 0] [5 0 0] [5 0 1] [5 0 2] [5 0 3] [5 0 4] [5 0 5] [5 0 5] [5 0 6] [5 0 7] [5 6 0] [5 6 5]]
T041: [[3 0 3] [3 0 6] [3 6 0] [3 6 1] [3 6 2] [3 6 3] [3 6 3] [3 6 4] [3 6 5] [3 6 6] [3 6 6] [3 6 7] [5 0 3] [5 0 6] [5 6 0] [5 6 1] [5 6 2] [5 6 3] [5 6 3] [5 6 4] [5 6 5] [5 6 6] [5 6 6] [5 6 7]]
T042: [[2 1 2] [2 1 7] [2 7 0] [2 7 1] [2 7 2] [2 7 2] [2 7 3] [2 7 4] [2 7 5] [2 7 6] [2 7 7] [2 7 7] [4 1 2] [4 1 7] [4 7 0] [4 7 1] [4 7 2] [4 7 2] [4 7 3] [4 7 4] [4 7 5] [4 7 6] [4 7 7] [4 7 7]]
T043: [[2 1 0] [2 1 1] [2 1 1] [2 1 2] [2 1 3] [2 1 4] [2 1 4] [2 1 5] [2 1 6] [2 1 7] [2 7 1] [2 7 4] [4 1 0] [4 1 1] [4 1 1] [4 1 2] [4 1 3] [4 1 4] [4 1 4] [4 1 5] [4 1 6] [4 1 7] [4 7 1] [4 7 4]]
T044: [[3 3 1] [3 3 6] [3 6 0] [3 6 1] [3 6 1] [3 6 2] [3 6 3] [3 6 4] [3 6 5] [3 6 6] [3 6 6] [3 6 7] [4 3 1] [4 3 6] [4 6 0] [4 6 1] [4 6 1] [4 6 2] [4 6 3] [4 6 4] [4 6 5] [4 6 6] [4 6 6] [4 6 7]]
T045: [[3 1 0] [3 1 1] [3 1 1] [3 1 2] [3 1 3] [3 1 4] [3 1 5] [3 1 6] [3 1 6] [3 1 7] [3 4 1] [3 4 6] [4 1 0] [4 1 1] [4 1 1] [4 1 2] [4 1 3] [4 1 4] [4 1 5] [4 1 6] [4 1 6] [4 1 7] [4 4 1] [4 4 6]]
T046: [[2 2 0] [2 2 7] [2 7 0] [2 7 0] [2 7 1] [2 7 2] [2 7 3] [2 7 4] [2 7 5] [2 7 6] [2 7 7] [2 7 7] [5 2 0] [5 2 7] [5 7 0] [5 7 0] [5 7 1] [5 7 2] [5 7 3] [5 7 4] [5 7 5] [5 7 6] [5 7 7] [5 7 7]]
T047: [[2 0 0] [2 0 0] [2 0 1] [2 0 2] [2 0 3] [2 0 4] [2 0 5] [2 0 6] [2 0 7] [2 0 7] [2 5 0] [2 5 7] [5 0 0] [5 0 0] [5 0 1] [5 0 2] [5 0 3] [5 0 4] [5 0 5] [5 0 6] [5 0 7] [5 0 7] [5 5 0] [5 5 7]]
T048: [[1 2 1] [1 2 4] [1 4 0] [1 4 1] [1 4 1] [1 4 2] [1 4 3] [1 4 4] [1 4 4] [1 4 5] [1 4 6] [1 4 7] [7 2 1] [7 2 4] [7 4 0] [7 4 1] [7 4 1] [7 4 2] [7 4 3] [7 4 4] [7 4 4] [7 4 5] [7 4 6] [7 4 7]]
T049: [[1 2 0] [1 2 1] [1 2 2] [1 2 2] [1 2 3] [1 2 4] [1 2 5] [1 2 6] [1 2 7] [1 2 7] [1 4 2] [1 4 7] [7 2 0] [7 2 1] [7 2 2] [7 2 2] [7 2 3] [7 2 4] [7 2 5] [7 2 6] [7 2 7] [7 2 7] [7 4 2] [7 4 7]]
T050: [[0 3 0] [0 3 1] [0 3 2] [0 3 3] [0 3 3] [0 3 4] [0 3 5] [0 3 6] [0 3 6] [0 3 7] [0 5 3] [0 5 6] [6 3 0] [6 3 1] [6 3 2] [6 3 3] [6 3 3] [6 3 4] [6 3 5] [6 3 6] [6 3 6] [6 3 7] [6 5 3] [6 5 6]]
T051: [[0 3 0] [0 3 5] [0 5 0] [0 5 0] [0 5 1] [0 5 2] [0 5 3] [0 5 4] [0 5 5] [0 5 5] [0 5 6] [0 5 7] [6 3 0] [6 3 5] [6 5 0] [6 5 0] [6 5 1] [6 5 2] [6 5 3] [6 5 4] [6 5 5] [6 5 5] [6 5 6] [6 5 7]]
T052: [[1 1 3] [1 1 6] [1 6 0] [1 6 1] [1 6 2] [1 6 3] [1 6 3] [1 6 4] [1 6 5] [1 6 6] [1 6 6] [1 6 7] [4 1 3] [4 1 6] [4 6 0] [4 6 1] [4 6 2] [4 6 3] [4 6 3] [4 6 4] [4 6 5] [4 6 6] [4 6 6] [4 6 7]]
T053: [[1 3 0] [1 3 1] [1 3 2] [1 3 3] [1 3 3] [1 3 4] [1 3 5] [1 3 6] [1 3 6] [1 3 7] [1 4 3] [1 4 6] [4 3 0] [4 3 1] [4 3 2] [4 3 3] [4 3 3] [4 3 4] [4 3 5] [4 3 6] [4 3 6] [4 3 7] [4 4 3] [4 4 6]]
T054: [[2 2 0] [2 2 5] [2 5 0] [2 5 0] [2 5 1] [2 5 2] [2 5 3] [2 5 4] [2 5 5] [2 5 5] [2 5 6] [2 5 7] [7 2 0] [7 2 5] [7 5 0] [7 5 0] [7 5 1] [7 5 2] [7 5 3] [7 5 4] [7 5 5] [7 5 5] [7 5 6] [7 5 7]]
T055: [[2 0 0] [2 0 0] [2 0 1] [2 0 2] [2 0 3] [2 0 4] [2 0 5] [2 0 5] [2 0 6] [2 0 7] [2 7 0] [2 7 5] [7 0 0] [7 0 0] [7 0 1] [7 0 2] [7 0 3] [7 0 4] [7 0 5] [7 0 5] [7 0 6] [7 0 7] [7 7 0] [7 7 5]]
T056: [[3 2 0] [3 2 1] [3 2 2] [3 2 2] [3 2 3] [3 2 4] [3 2 4] [3 2 5] [3 2 6] [3 2 7] [3 5 2] [3 5 4] [5 2 0] [5 2 1] [5 2 2] [5 2 2] [5 2 3] [5 2 4] [5 2 4] [5 2 5] [5 2 6] [5 2 7] [5 5 2] [5 5 4]]
T057: [[3 3 2] [3 3 4] [3 4 0] [3 4 1] [3 4 2] [3 4 2] [3 4 3] [3 4 4] [3 4 4] [3 4 5] [3 4 6] [3 4 7] [5 3 2] [5 3 4] [5 4 0] [5 4 1] [5 4 2] [5 4 2] [5 4 3] [5 4 4] [5 4 4] [5 4 5] [5 4 6] [5 4 7]]
T058: [[0 1 0] [0 1 1] [0 1 1] [0 1 2] [0 1 3] [0 1 4] [0 1 5] [0 1 6] [0 1 7] [0 1 7] [0 6 1] [0 6 7] [6 1 0] [6 1 1] [6 1 1] [6 1 2] [6 1 3] [6 1 4] [6 1 5] [6 1 6] [6 1 7] [6 1 7] [6 6 1] [6 6 7]]
T059: [[0 0 1] [0 0 7] [0 7 0] [0 7 1] [0 7 1] [0 7 2] [0 7 3] [0 7 4] [0 7 5] [0 7 6] [0 7 7] [0 7 7] [6 0 1] [6 0 7] [6 7 0] [6 7 1] [6 7 1] [6 7 2] [6 7 3] [6 7 4] [6 7 5] [6 7 6] [6 7 7] [6 7 7]]
T060: [[0 2 0] [0 2 1] [0 2 2] [0 2 2] [0 2 3] [0 2 4] [0 2 5] [0 2 6] [0 2 7] [0 2 7] [0 5 2] [0 5 7] [5 2 0] [5 2 1] [5 2 2] [5 2 2] [5 2 3] [5 2 4] [5 2 5] [5 2 6] [5 2 7] [5 2 7] [5 5 2] [5 5 7]]
T061: [[0 0 2] [0 0 7] [0 7 0] [0 7 1] [0 7 2] [0 7 2] [0 7 3] [0 7 4] [0 7 5] [0 7 6] [0 7 7] [0 7 7] [5 0 2] [5 0 7] [5 7 0] [5 7 1] [5 7 2] [5 7 2] [5 7 3] [5 7 4] [5 7 5] [5 7 6] [5 7 7] [5 7 7]]
T062: [[3 1 0] [3 1 1] [3 1 1] [3 1 2] [3 1 3] [3 1 4] [3 1 4] [3 1 5] [3 1 6] [3 1 7] [3 6 1] [3 6 4] [6 1 0] [6 1 1] [6 1 1] [6 1 2] [6 1 3] [6 1 4] [6 1 4] [6 1 5] [6 1 6] [6 1 7] [6 6 1] [6 6 4]]
T063: [[3 3 1] [3 3 4] [3 4 0] [3 4 1] [3 4 1] [3 4 2] [3 4 3] [3 4 4] [3 4 4] [3 4 5] [3 4 6] [3 4 7] [6 3 1] [6 3 4] [6 4 0] [6 4 1] [6 4 1] [6 4 2] [6 4 3] [6 4 4] [6 4 4] [6 4 5] [6 4 6] [6 4 7]]
T064: [[1 1 0] [1 1 6] [1 6 0] [1 6 0] [1 6 1] [1 6 2] [1 6 3] [1 6 4] [1 6 5] [1 6 6] [1 6 6] [1 6 7] [7 1 0] [7 1 6] [7 6 0] [7 6 0] [7 6 1] [7 6 2] [7 6 3] [7 6 4] [7 6 5] [7 6 6] [7 6 6] [7 6 7]]
T065: [[1 0 0] [1 0 0] [1 0 1] [1 0 2] [1 0 3] [1 0 4] [1 0 5] [1 0 6] [1 0 6] [1 0 7] [1 7 0] [1 7 6] [7 0 0] [7 0 0] [7 0 1] [7 0 2] [7 0 3] [7 0 4] [7 0 5] [7 0 6] [7 0 6] [7 0 7] [7 7 0] [7 7 6]]
T066: [[2 2 3] [2 2 5] [2 5 0] [2 5 1] [2 5 2] [2 5 3] [2 5 3] [2 5 4] [2 5 5] [2 5 5] [2 5 6] [2 5 7] [4 2 3] [4 2 5] [4 5 0] [4 5 1] [4 5 2] [4 5 3] [4 5 3] [4 5 4] [4 5 5] [4 5 5] [4 5 6] [4 5 7]]
T067: [[2 3 0] [2 3 1] [2 3 2] [2 3 3] [2 3 3] [2 3 4] [2 3 5] [2 3 5] [2 3 6] [2 3 7] [2 4 3] [2 4 5] [4 3 0] [4 3 1] [4 3 2] [4 3 3] [4 3 3] [4 3 4] [4 3 5] [4 3 5] [4 3 6] [4 3 7] [4 4 3] [4 4 5]]
T068: [[0 1 3] [0 1 4] [0 6 3] [0 6 4] [7 1 3] [7 1 4] [7 6 3] [7 6 4]]
T069: [[2 3 1] [2 3 6] [2 4 1] [2 4 6] [5 3 1] [5 3 6] [5 4 1] [5 4 6]]
T070: [[1 2 0] [1 2 5] [1 7 0] [1 7 5] [4 2 0] [4 2 5] [4 7 0] [4 7 5]]
T071: [[3 0 2] [3 0 7] [3 5 2] [3 5 7] [6 0 2] [6 0 7] [6 5 2] [6 5 7]]
T072: [[3 2 0] [3 2 7] [3 5 0] [3 5 7] [4 2 0] [4 2 7] [4 5 0] [4 5 7]]
T073: [[1 0 2] [1 0 5] [1 7 2] [1 7 5] [6 0 2] [6 0 5] [6 7 2] [6 7 5]]
T074: [[0 3 1] [0 3 4] [0 6 1] [0 6 4] [5 3 1] [5 3 4] [5 6 1] [5 6 4]]
T075: [[2 1 3] [2 1 6] [2 4 3] [2 4 6] [7 1 3] [7 1 6] [7 4 3] [7 4 6]]
T076: [[0 3 2] [0 3 5] [0 4 2] [0 4 5] [7 3 2] [7 3 5] [7 4 2] [7 4 5]]
T077: [[1 2 3] [1 2 4] [1 5 3] [1 5 4] [6 2 3] [6 2 4] [6 5 3] [6 5 4]]
T078: [[3 0 1] [3 0 7] [3 6 1] [3 6 7] [5 0 1] [5 0 7] [5 6 1] [5 6 7]]
T079: [[2 1 0] [2 1 6] [2 7 0] [2 7 6] [4 1 0] [4 1 6] [4 7 0] [4 7 6]]
T080: [[3 0 1] [3 0 6] [3 7 1] [3 7 6] [4 0 1] [4 0 6] [4 7 1] [4 7 6]]
T081: [[2 1 0] [2 1 7] [2 6 0] [2 6 7] [5 1 0] [5 1 7] [5 6 0] [5 6 7]]
T082: [[1 2 3] [1 2 5] [1 4 3] [1 4 5] [7 2 3] [7 2 5] [7 4 3] [7 4 5]]
T083: [[0 3 2] [0 3 4] [0 5 2] [0 5 4] [6 3 2] [6 3 4] [6 5 2] [6 5 4]]
T084: [[1 0 3] [1 0 6] [1 5 3] [1 5 6] [4 0 3] [4 0 6] [4 5 3] [4 5 6]]
T085: [[2 3 0] [2 3 5] [2 6 0] [2 6 5] [7 3 0] [7 3 5] [7 6 0] [7 6 5]]
T086: [[3 1 2] [3 1 4] [3 7 2] [3 7 4] [5 1 2] [5 1 4] [5 7 2] [5 7 4]]
T087: [[0 2 1] [0 2 7] [0 4 1] [0 4 7] [6 2 1] [6 2 7] [6 4 1] [6 4 7]]
T088: [[0 1 2] [0 1 7] [0 4 2] [0 4 7] [5 1 2] [5 1 7] [5 4 2] [5 4 7]]
T089: [[3 2 1] [3 2 4] [3 7 1] [3 7 4] [6 2 1] [6 2 4] [6 7 1] [6 7 4]]
T090: [[1 3 0] [1 3 6] [1 5 0] [1 5 6] [7 3 0] [7 3 6] [7 5 0] [7 5 6]]
T091: [[2 0 3] [2 0 5] [2 6 3] [2 6 5] [4 0 3] [4 0 5] [4 6 3] [4 6 5]]
T092: [[3 3 0] [3 3 1] [3 3 2] [3 3 3] [3 3 3] [3 3 4] [3 3 5] [3 3 5] [3 3 6] [3 3 7] [3 6 3] [3 6 5] [4 3 0] [4 3 1] [4 3 2] [4 3 3] [4 3 3] [4 3 4] [4 3 5] [4 3 5] [4 3 6] [4 3 7] [4 6 3] [4 6 5]]
T093: [[3 1 3] [3 1 5] [3 4 3] [3 4 5] [4 1 3] [4 1 5] [4 4 3] [4 4 5]]
T094: [[3 3 2] [3 3 4] [3 6 2] [3 6 4] [4 3 2] [4 3 4] [4 6 2] [4 6 4]]
T095: [[3 1 2] [3 1 4] [3 4 0] [3 4 1] [3 4 2] [3 4 2] [3 4 3] [3 4 4] [3 4 4] [3 4 5] [3 4 6] [3 4 7] [4 1 2] [4 1 4] [4 4 0] [4 4 1] [4 4 2] [4 4 2] [4 4 3] [4 4 4] [4 4 4] [4 4 5] [4 4 6] [4 4 7]]
T096: [[0 2 1] [0 2 7] [0 7 0] [0 7 1] [0 7 1] [0 7 2] [0 7 3] [0 7 4] [0 7 5] [0 7 6] [0 7 7] [0 7 7] [7 2 1] [7 2 7] [7 7 0] [7 7 1] [7 7 1] [7 7 2] [7 7 3] [7 7 4] [7 7 5] [7 7 6] [7 7 7] [7 7 7]]
T097: [[0 2 0] [0 2 6] [0 7 0] [0 7 6] [7 2 0] [7 2 6] [7 7 0] [7 7 6]]
T098: [[0 0 1] [0 0 7] [0 5 1] [0 5 7] [7 0 1] [7 0 7] [7 5 1] [7 5 7]]
T099: [[0 0 0] [0 0 0] [0 0 1] [0 0 2] [0 0 3] [0 0 4] [0 0 5] [0 0 6] [0 0 6] [0 0 7] [0 5 0] [0 5 6] [7 0 0] [7 0 0] [7 0 1] [7 0 2] [7 0 3] [7 0 4] [7 0 5] [7 0 6] [7 0 6] [7 0 7] [7 5 0] [7 5 6]]
T100: [[1 3 0] [1 3 6] [1 6 0] [1 6 0] [1 6 1] [1 6 2] [1 6 3] [1 6 4] [1 6 5] [1 6 6] [1 6 6] [1 6 7] [6 3 0] [6 3 6] [6 6 0] [6 6 0] [6 6 1] [6 6 2] [6 6 3] [6 6 4] [6 6 5] [6 6 6] [6 6 6] [6 6 7]]
T101: [[1 1 0] [1 1 6] [1 4 0] [1 4 6] [6 1 0] [6 1 6] [6 4 0] [6 4 6]]
T102: [[1 3 1] [1 3 7] [1 6 1] [1 6 7] [6 3 1] [6 3 7] [6 6 1] [6 6 7]]
T103: [[1 1 0] [1 1 1] [1 1 1] [1 1 2] [1 1 3] [1 1 4] [1 1 5] [1 1 6] [1 1 7] [1 1 7] [1 4 1] [1 4 7] [6 1 0] [6 1 1] [6 1 1] [6 1 2] [6 1 3] [6 1 4] [6 1 5] [6 1 6] [6 1 7] [6 1 7] [6 4 1] [6 4 7]]
T104: [[2 2 0] [2 2 1] [2 2 2] [2 2 2] [2 2 3] [2 2 4] [2 2 4] [2 2 5] [2 2 6] [2 2 7] [2 7 2] [2 7 4] [5 2 0] [5 2 1] [5 2 2] [5 2 2] [5 2 3] [5 2 4] [5 2 4] [5 2 5] [5 2 6] [5 2 7] [5 7 2] [5 7 4]]
T105: [[2 2 3] [2 2 5] [2 7 3] [2 7 5] [5 2 3] [5 2 5] [5 7 3] [5 7 5]]
T106: [[2 0 2] [2 0 4] [2 5 2] [2 5 4] [5 0 2] [5 0 4] [5 5 2] [5 5 4]]
T107: [[2 0 3] [2 0 5] [2 5 0] [2 5 1] [2 5 2] [2 5 3] [2 5 3] [2 5 4] [2 5 5] [2 5 5] [2 5 6] [2 5 7] [5 0 3] [5 0 5] [5 5 0] [5 5 1] [5 5 2] [5 5 3] [5 5 3] [5 5 4] [5 5 5] [5 5 5] [5 5 6] [5 5 7]]
T108: [[0 2 3] [0 2 5] [0 5 0] [0 5 1] [0 5 2] [0 5 3] [0 5 3] [0 5 4] [0 5 5] [0 5 5] [0 5 6] [0 5 7] [5 2 3] [5 2 5] [5 5 0] [5 5 1] [5 5 2] [5 5 3] [5 5 3] [5 5 4] [5 5 5] [5 5 5] [5 5 6] [5 5 7]]
T109: [[0 0 3] [0 0 5] [0 7 3] [0 7 5] [5 0 3] [5 0 5] [5 7 3] [5 7 5]]
T110: [[0 2 0] [0 2 6] [0 5 0] [0 5 6] [5 2 0] [5 2 6] [5 5 0] [5 5 6]]
T111: [[0 0 0] [0 0 0] [0 0 1] [0 0 2] [0 0 3] [0 0 4] [0 0 5] [0 0 6] [0 0 6] [0 0 7] [0 7 0] [0 7 6] [5 0 0] [5 0 0] [5 0 1] [5 0 2] [5 0 3] [5 0 4] [5 0 5] [5 0 6] [5 0 6] [5 0 7] [5 7 0] [5 7 6]]
T112: [[1 1 0] [1 1 1] [1 1 1] [1 1 2] [1 1 3] [1 1 4] [1 1 5] [1 1 6] [1 1 7] [1 1 7] [1 6 1] [1 6 7] [4 1 0] [4 1 1] [4 1 1] [4 1 2] [4 1 3] [4 1 4] [4 1 5] [4 1 6] [4 1 7] [4 1 7] [4 6 1] [4 6 7]]
T113: [[1 1 2] [1 1 4] [1 6 2] [1 6 4] [4 1 2] [4 1 4] [4 6 2] [4 6 4]]
T114: [[1 3 1] [1 3 7] [1 4 1] [1 4 7] [4 3 1] [4 3 7] [4 4 1] [4 4 7]]
T115: [[1 3 2] [1 3 4] [1 4 0] [1 4 1] [1 4 2] [1 4 2] [1 4 3] [1 4 4] [1 4 4] [1 4 5] [1 4 6] [1 4 7] [4 3 2] [4 3 4] [4 4 0] [4 4 1] [4 4 2] [4 4 2] [4 4 3] [4 4 4] [4 4 4] [4 4 5] [4 4 6] [4 4 7]]
T116: [[2 2 0] [2 2 1] [2 2 2] [2 2 2] [2 2 3] [2 2 4] [2 2 4] [2 2 5] [2 2 6] [2 2 7] [2 5 2] [2 5 4] [7 2 0] [7 2 1] [7 2 2] [7 2 2] [7 2 3] [7 2 4] [7 2 4] [7 2 5] [7 2 6] [7 2 7] [7 5 2] [7 5 4]]
T117: [[2 0 2] [2 0 4] [2 7 2] [2 7 4] [7 0 2] [7 0 4] [7 7 2] [7 7 4]]
T118: [[2 2 1] [2 2 7] [2 5 1] [2 5 7] [7 2 1] [7 2 7] [7 5 1] [7 5 7]]
T119: [[2 0 1] [2 0 7] [2 7 0] [2 7 1] [2 7 1] [2 7 2] [2 7 3] [2 7 4] [2 7 5] [2 7 6] [2 7 7] [2 7 7] [7 0 1] [7 0 7] [7 7 0] [7 7 1] [7 7 1] [7 7 2] [7 7 3] [7 7 4] [7 7 5] [7 7 6] [7 7 7] [7 7 7]]
T120: [[3 1 0] [3 1 6] [3 6 0] [3 6 0] [3 6 1] [3 6 2] [3 6 3] [3 6 4] [3 6 5] [3 6 6] [3 6 6] [3 6 7] [6 1 0] [6 1 6] [6 6 0] [6 6 0] [6 6 1] [6 6 2] [6 6 3] [6 6 4] [6 6 5] [6 6 6] [6 6 6] [6 6 7]]
T121: [[3 1 3] [3 1 5] [3 6 3] [3 6 5] [6 1 3] [6 1 5] [6 6 3] [6 6 5]]
T122: [[3 3 0] [3 3 6] [3 4 0] [3 4 6] [6 3 0] [6 3 6] [6 4 0] [6 4 6]]
T123: [[3 3 0] [3 3 1] [3 3 2] [3 3 3] [3 3 3] [3 3 4] [3 3 5] [3 3 5] [3 3 6] [3 3 7] [3 4 3] [3 4 5] [6 3 0] [6 3 1] [6 3 2] [6 3 3] [6 3 3] [6 3 4] [6 3 5] [6 3 5] [6 3 6] [6 3 7] [6 4 3] [6 4 5]]
T124: [[1 1 0] [1 1 1] [1 1 1] [1 1 2] [1 1 3] [1 1 4] [1 1 4] [1 1 5] [1 1 6] [1 1 7] [1 6 1] [1 6 4] [7 1 0] [7 1 1] [7 1 1] [7 1 2] [7 1 3] [7 1 4] [7 1 4] [7 1 5] [7 1 6] [7 1 7] [7 6 1] [7 6 4]]
T125: [[1 0 1] [1 0 4] [1 7 1] [1 7 4] [7 0 1] [7 0 4] [7 7 1] [7 7 4]]
T126: [[1 1 2] [1 1 7] [1 6 2] [1 6 7] [7 1 2] [7 1 7] [7 6 2] [7 6 7]]
T127: [[1 0 2] [1 0 7] [1 7 0] [1 7 1] [1 7 2] [1 7 2] [1 7 3] [1 7 4] [1 7 5] [1 7 6] [1 7 7] [1 7 7] [7 0 2] [7 0 7] [7 7 0] [7 7 1] [7 7 2] [7 7 2] [7 7 3] [7 7 4] [7 7 5] [7 7 6] [7 7 7] [7 7 7]]
T128: [[3 2 0] [3 2 5] [3 5 0] [3 5 0] [3 5 1] [3 5 2] [3 5 3] [3 5 4] [3 5 5] [3 5 5] [3 5 6] [3 5 7] [5 2 0] [5 2 5] [5 5 0] [5 5 0] [5 5 1] [5 5 2] [5 5 3] [5 5 4] [5 5 5] [5 5 5] [5 5 6] [5 5 7]]
T129: [[3 2 3] [3 2 6] [3 5 3] [3 5 6] [5 2 3] [5 2 6] [5 5 3] [5 5 6]]
T130: [[3 3 0] [3 3 5] [3 4 0] [3 4 5] [5 3 0] [5 3 5] [5 4 0] [5 4 5]]
T131: [[3 3 0] [3 3 1] [3 3 2] [3 3 3] [3 3 3] [3 3 4] [3 3 5] [3 3 6] [3 3 6] [3 3 7] [3 4 3] [3 4 6] [5 3 0] [5 3 1] [5 3 2] [5 3 3] [5 3 3] [5 3 4] [5 3 5] [5 3 6] [5 3 6] [5 3 7] [5 4 3] [5 4 6]]
T132: [[0 1 3] [0 1 6] [0 6 0] [0 6 1] [0 6 2] [0 6 3] [0 6 3] [0 6 4] [0 6 5] [0 6 6] [0 6 6] [0 6 7] [6 1 3] [6 1 6] [6 6 0] [6 6 1] [6 6 2] [6 6 3] [6 6 3] [6 6 4] [6 6 5] [6 6 6] [6 6 6] [6 6 7]]
T133: [[0 0 3] [0 0 6] [0 7 3] [0 7 6] [6 0 3] [6 0 6] [6 7 3] [6 7 6]]
T134: [[0 1 0] [0 1 5] [0 6 0] [0 6 5] [6 1 0] [6 1 5] [6 6 0] [6 6 5]]
T135: [[0 0 0] [0 0 0] [0 0 1] [0 0 2] [0 0 3] [0 0 4] [0 0 5] [0 0 5] [0 0 6] [0 0 7] [0 7 0] [0 7 5] [6 0 0] [6 0 0] [6 0 1] [6 0 2] [6 0 3] [6 0 4] [6 0 5] [6 0 5] [6 0 6] [6 0 7] [6 7 0] [6 7 5]]
T136: [[2 2 0] [2 2 1] [2 2 2] [2 2 2] [2 2 3] [2 2 4] [2 2 5] [2 2 6] [2 2 7] [2 2 7] [2 5 2] [2 5 7] [4 2 0] [4 2 1] [4 2 2] [4 2 2] [4 2 3] [4 2 4] [4 2 5] [4 2 6] [4 2 7] [4 2 7] [4 5 2] [4 5 7]]
T137: [[2 2 1] [2 2 4] [2 5 1] [2 5 4] [4 2 1] [4 2 4] [4 5 1] [4 5 4]]
T138: [[2 3 2] [2 3 7] [2 4 2] [2 4 7] [4 3 2] [4 3 7] [4 4 2] [4 4 7]]
T139: [[2 3 1] [2 3 4] [2 4 0] [2 4 1] [2 4 1] [2 4 2] [2 4 3] [2 4 4] [2 4 4] [2 4 5] [2 4 6] [2 4 7] [4 3 1] [4 3 4] [4 4 0] [4 4 1] [4 4 1] [4 4 2] [4 4 3] [4 4 4] [4 4 4] [4 4 5] [4 4 6] [4 4 7]]
T140: [[3 0 3] [3 0 5] [3 7 3] [3 7 5] [4 0 3] [4 0 5] [4 7 3] [4 7 5]]
T141: [[3 3 0] [3 3 7] [3 6 0] [3 6 7] [4 3 0] [4 3 7] [4 6 0] [4 6 7]]
T142: [[3 0 2] [3 0 4] [3 7 2] [3 7 4] [4 0 2] [4 0 4] [4 7 2] [4 7 4]]
T143: [[3 1 0] [3 1 7] [3 4 0] [3 4 7] [4 1 0] [4 1 7] [4 4 0] [4 4 7]]
T144: [[0 2 3] [0 2 4] [0 7 3] [0 7 4] [7 2 3] [7 2 4] [7 7 3] [7 7 4]]
T145: [[0 3 1] [0 3 7] [0 4 1] [0 4 7] [7 3 1] [7 3 7] [7 4 1] [7 4 7]]
T146: [[0 0 3] [0 0 4] [0 5 3] [0 5 4] [7 0 3] [7 0 4] [7 5 3] [7 5 4]]
T147: [[0 3 0] [0 3 6] [0 4 0] [0 4 6] [7 3 0] [7 3 6] [7 4 0] [7 4 6]]
T148: [[1 2 0] [1 2 6] [1 5 0] [1 5 6] [6 2 0] [6 2 6] [6 5 0] [6 5 6]]
T149: [[1 3 2] [1 3 5] [1 6 2] [1 6 5] [6 3 2] [6 3 5] [6 6 2] [6 6 5]]
T150: [[1 2 1] [1 2 7] [1 5 1] [1 5 7] [6 2 1] [6 2 7] [6 5 1] [6 5 7]]
T151: [[1 1 2] [1 1 5] [1 4 2] [1 4 5] [6 1 2] [6 1 5] [6 4 2] [6 4 5]]
T152: [[2 2 1] [2 2 6] [2 7 1] [2 7 6] [5 2 1] [5 2 6] [5 7 1] [5 7 6]]
T153: [[2 1 2] [2 1 4] [2 6 2] [2 6 4] [5 1 2] [5 1 4] [5 6 2] [5 6 4]]
T154: [[2 0 1] [2 0 6] [2 5 1] [2 5 6] [5 0 1] [5 0 6] [5 5 1] [5 5 6]]
T155: [[2 1 3] [2 1 5] [2 6 3] [2 6 5] [5 1 3] [5 1 5] [5 6 3] [5 6 5]]
T156: [[0 1 3] [0 1 5] [0 4 3] [0 4 5] [5 1 3] [5 1 5] [5 4 3] [5 4 5]]
T157: [[0 2 1] [0 2 4] [0 5 1] [0 5 4] [5 2 1] [5 2 4] [5 5 1] [5 5 4]]
T158: [[0 1 0] [0 1 6] [0 4 0] [0 4 6] [5 1 0] [5 1 6] [5 4 0] [5 4 6]]
T159: [[0 0 1] [0 0 4] [0 7 1] [0 7 4] [5 0 1] [5 0 4] [5 7 1] [5 7 4]]
T160: [[1 1 0] [1 1 5] [1 6 0] [1 6 5] [4 1 0] [4 1 5] [4 6 0] [4 6 5]]
T161: [[1 0 1] [1 0 7] [1 5 1] [1 5 7] [4 0 1] [4 0 7] [4 5 1] [4 5 7]]
T162: [[1 3 0] [1 3 5] [1 4 0] [1 4 5] [4 3 0] [4 3 5] [4 4 0] [4 4 5]]
T163: [[1 0 2] [1 0 4] [1 5 2] [1 5 4] [4 0 2] [4 0 4] [4 5 2] [4 5 4]]
T164: [[2 3 2] [2 3 4] [2 6 2] [2 6 4] [7 3 2] [7 3 4] [7 6 2] [7 6 4]]
T165: [[2 2 3] [2 2 6] [2 5 3] [2 5 6] [7 2 3] [7 2 6] [7 5 3] [7 5 6]]
T166: [[2 3 1] [2 3 7] [2 6 1] [2 6 7] [7 3 1] [7 3 7] [7 6 1] [7 6 7]]
T167: [[2 0 3] [2 0 6] [2 7 3] [2 7 6] [7 0 3] [7 0 6] [7 7 3] [7 7 6]]
T168: [[3 1 2] [3 1 7] [3 6 2] [3 6 7] [6 1 2] [6 1 7] [6 6 2] [6 6 7]]
T169: [[3 2 0] [3 2 6] [3 7 0] [3 7 6] [6 2 0] [6 2 6] [6 7 0] [6 7 6]]
T170: [[3 3 2] [3 3 7] [3 4 2] [3 4 7] [6 3 2] [6 3 7] [6 4 2] [6 4 7]]
T171: [[3 2 3] [3 2 5] [3 7 3] [3 7 5] [6 2 3] [6 2 5] [6 7 3] [6 7 5]]
T172: [[1 3 1] [1 3 4] [1 5 1] [1 5 4] [7 3 1] [7 3 4] [7 5 1] [7 5 4]]
T173: [[1 1 3] [1 1 5] [1 6 3] [1 6 5] [7 1 3] [7 1 5] [7 6 3] [7 6 5]]
T174: [[1 0 3] [1 0 5] [1 7 3] [1 7 5] [7 0 3] [7 0 5] [7 7 3] [7 7 5]]
T175: [[1 3 2] [1 3 7] [1 5 2] [1 5 7] [7 3 2] [7 3 7] [7 5 2] [7 5 7]]
T176: [[3 2 1] [3 2 7] [3 5 1] [3 5 7] [5 2 1] [5 2 7] [5 5 1] [5 5 7]]
T177: [[3 1 0] [3 1 5] [3 7 0] [3 7 5] [5 1 0] [5 1 5] [5 7 0] [5 7 5]]
T178: [[3 1 3] [3 1 6] [3 7 3] [3 7 6] [5 1 3] [5 1 6] [5 7 3] [5 7 6]]
T179: [[3 3 1] [3 3 7] [3 4 1] [3 4 7] [5 3 1] [5 3 7] [5 4 1] [5 4 7]]
T180: [[0 2 3] [0 2 6] [0 4 3] [0 4 6] [6 2 3] [6 2 6] [6 4 3] [6 4 6]]
T181: [[0 1 2] [0 1 4] [0 6 2] [0 6 4] [6 1 2] [6 1 4] [6 6 2] [6 6 4]]
T182: [[0 0 2] [0 0 4] [0 7 2] [0 7 4] [6 0 2] [6 0 4] [6 7 2] [6 7 4]]
T183: [[0 2 0] [0 2 5] [0 4 0] [0 4 5] [6 2 0] [6 2 5] [6 4 0] [6 4 5]]
T184: [[2 2 0] [2 2 6] [2 5 0] [2 5 6] [4 2 0] [4 2 6] [4 5 0] [4 5 6]]
T185: [[2 0 2] [2 0 7] [2 6 2] [2 6 7] [4 0 2] [4 0 7] [4 6 2] [4 6 7]]
T186: [[2 0 1] [2 0 4] [2 6 1] [2 6 4] [4 0 1] [4 0 4] [4 6 1] [4 6 4]]
T187: [[2 3 0] [2 3 6] [2 4 0] [2 4 6] [4 3 0] [4 3 6] [4 4 0] [4 4 6]]
T188: [[3 0 0] [3 0 0] [3 0 1] [3 0 2] [3 0 3] [3 0 4] [3 0 5] [3 0 6] [3 0 7] [3 0 7] [3 7 0] [3 7 0] [3 7 1] [3 7 2] [3 7 3] [3 7 4] [3 7 5] [3 7 6] [3 7 7] [3 7 7] [4 0 0] [4 0 0] [4 0 1] [4 0 2] [4 0 3] [4 0 4] [4 0 5] [4 0 6] [4 0 7] [4 0 7] [4 7 0] [4 7 0] [4 7 1] [4 7 2] [4 7 3] [4 7 4] [4 7 5] [4 7 6] [4 7 7] [4 7 7]]
T189: [[0 3 0] [0 3 1] [0 3 2] [0 3 3] [0 3 3] [0 3 4] [0 3 4] [0 3 5] [0 3 6] [0 3 7] [0 4 0] [0 4 1] [0 4 2] [0 4 3] [0 4 3] [0 4 4] [0 4 4] [0 4 5] [0 4 6] [0 4 7] [7 3 0] [7 3 1] [7 3 2] [7 3 3] [7 3 3] [7 3 4] [7 3 4] [7 3 5] [7 3 6] [7 3 7] [7 4 0] [7 4 1] [7 4 2] [7 4 3] [7 4 3] [7 4 4] [7 4 4] [7 4 5] [7 4 6] [7 4 7]]
T190: [[1 2 0] [1 2 1] [1 2 2] [1 2 2] [1 2 3] [1 2 4] [1 2 5] [1 2 5] [1 2 6] [1 2 7] [1 5 0] [1 5 1] [1 5 2] [1 5 2] [1 5 3] [1 5 4] [1 5 5] [1 5 5] [1 5 6] [1 5 7] [6 2 0] [6 2 1] [6 2 2] [6 2 2] [6 2 3] [6 2 4] [6 2 5] [6 2 5] [6 2 6] [6 2 7] [6 5 0] [6 5 1] [6 5 2] [6 5 2] [6 5 3] [6 5 4] [6 5 5] [6 5 5] [6 5 6] [6 5 7]]
T191: [[2 1 0] [2 1 1] [2 1 1] [2 1 2] [2 1 3] [2 1 4] [2 1 5] [2 1 6] [2 1 6] [2 1 7] [2 6 0] [2 6 1] [2 6 1] [2 6 2] [2 6 3] [2 6 4] [2 6 5] [2 6 6] [2 6 6] [2 6 7] [5 1 0] [5 1 1] [5 1 1] [5 1 2] [5 1 3] [5 1 4] [5 1 5] [5 1 6] [5 1 6] [5 1 7] [5 6 0] [5 6 1] [5 6 1] [5 6 2] [5 6 3] [5 6 4] [5 6 5] [5 6 6] [5 6 6] [5 6 7]]
T192: [[0 1 0] [0 1 1] [0 1 1] [0 1 2] [0 1 3] [0 1 4] [0 1 4] [0 1 5] [0 1 6] [0 1 7] [0 4 0] [0 4 1] [0 4 1] [0 4 2] [0 4 3] [0 4 4] [0 4 4] [0 4 5] [0 4 6] [0 4 7] [5 1 0] [5 1 1] [5 1 1] [5 1 2] [5 1 3] [5 1 4] [5 1 4] [5 1 5] [5 1 6] [5 1 7] [5 4 0] [5 4 1] [5 4 1] [5 4 2] [5 4 3] [5 4 4] [5 4 4] [5 4 5] [5 4 6] [5 4 7]]
T193: [[1 0 0] [1 0 0] [1 0 1] [1 0 2] [1 0 3] [1 0 4] [1 0 5] [1 0 5] [1 0 6] [1 0 7] [1 5 0] [1 5 0] [1 5 1] [1 5 2] [1 5 3] [1 5 4] [1 5 5] [1 5 5] [1 5 6] [1 5 7] [4 0 0] [4 0 0] [4 0 1] [4 0 2] [4 0 3] [4 0 4] [4 0 5] [4 0 5] [4 0 6] [4 0 7] [4 5 0] [4 5 0] [4 5 1] [4 5 2] [4 5 3] [4 5 4] [4 5 5] [4 5 5] [4 5 6] [4 5 7]]
T194: [[2 3 0] [2 3 1] [2 3 2] [2 3 3] [2 3 3] [2 3 4] [2 3 5] [2 3 6] [2 3 6] [2 3 7] [2 6 0] [2 6 1] [2 6 2] [2 6 3] [2 6 3] [2 6 4] [2 6 5] [2 6 6] [2 6 6] [2 6 7] [7 3 0] [7 3 1] [7 3 2] [7 3 3] [7 3 3] [7 3 4] [7 3 5] [7 3 6] [7 3 6] [7 3 7] [7 6 0] [7 6 1] [7 6 2] [7 6 3] [7 6 3] [7 6 4] [7 6 5] [7 6 6] [7 6 6] [7 6 7]]
T195: [[3 2 0] [3 2 1] [3 2 2] [3 2 2] [3 2 3] [3 2 4] [3 2 5] [3 2 6] [3 2 7] [3 2 7] [3 7 0] [3 7 1] [3 7 2] [3 7 2] [3 7 3] [3 7 4] [3 7 5] [3 7 6] [3 7 7] [3 7 7] [6 2 0] [6 2 1] [6 2 2] [6 2 2] [6 2 3] [6 2 4] [6 2 5] [6 2 6] [6 2 7] [6 2 7] [6 7 0] [6 7 1] [6 7 2] [6 7 2] [6 7 3] [6 7 4] [6 7 5] [6 7 6] [6 7 7] [6 7 7]]
T196: [[1 3 0] [1 3 1] [1 3 2] [1 3 3] [1 3 3] [1 3 4] [1 3 5] [1 3 5] [1 3 6] [1 3 7] [1 5 0] [1 5 1] [1 5 2] [1 5 3] [1 5 3] [1 5 4] [1 5 5] [1 5 5] [1 5 6] [1 5 7] [7 3 0] [7 3 1] [7 3 2] [7 3 3] [7 3 3] [7 3 4] [7 3 5] [7 3 5] [7 3 6] [7 3 7] [7 5 0] [7 5 1] [7 5 2] [7 5 3] [7 5 3] [7 5 4] [7 5 5] [7 5 5] [7 5 6] [7 5 7]]
T197: [[3 1 0] [3 1 1] [3 1 1] [3 1 2] [3 1 3] [3 1 4] [3 1 5] [3 1 6] [3 1 7] [3 1 7] [3 7 0] [3 7 1] [3 7 1] [3 7 2] [3 7 3] [3 7 4] [3 7 5] [3 7 6] [3 7 7] [3 7 7] [5 1 0] [5 1 1] [5 1 1] [5 1 2] [5 1 3] [5 1 4] [5 1 5] [5 1 6] [5 1 7] [5 1 7] [5 7 0] [5 7 1] [5 7 1] [5 7 2] [5 7 3] [5 7 4] [5 7 5] [5 7 6] [5 7 7] [5 7 7]]
T198: [[0 2 0] [0 2 1] [0 2 2] [0 2 2] [0 2 3] [0 2 4] [0 2 4] [0 2 5] [0 2 6] [0 2 7] [0 4 0] [0 4 1] [0 4 2] [0 4 2] [0 4 3] [0 4 4] [0 4 4] [0 4 5] [0 4 6] [0 4 7] [6 2 0] [6 2 1] [6 2 2] [6 2 2] [6 2 3] [6 2 4] [6 2 4] [6 2 5] [6 2 6] [6 2 7] [6 4 0] [6 4 1] [6 4 2] [6 4 2] [6 4 3] [6 4 4] [6 4 4] [6 4 5] [6 4 6] [6 4 7]]
T199: [[2 0 0] [2 0 0] [2 0 1] [2 0 2] [2 0 3] [2 0 4] [2 0 5] [2 0 6] [2 0 6] [2 0 7] [2 6 0] [2 6 0] [2 6 1] [2 6 2] [2 6 3] [2 6 4] [2 6 5] [2 6 6] [2 6 6] [2 6 7] [4 0 0] [4 0 0] [4 0 1] [4 0 2] [4 0 3] [4 0 4] [4 0 5] [4 0 6] [4 0 6] [4 0 7] [4 6 0] [4 6 0] [4 6 1] [4 6 2] [4 6 3] [4 6 4] [4 6 5] [4 6 6] [4 6 6] [4 6 7]]
