0, 0 A3              0, 1 X135            0, 2 X135            0, 3 X135            0, 4 A5              0, 5 G13             0, 6 G13             0, 7 G13 
[  1, -1, -1 ] CP13  [  1,  0,  0 ] CP01  [  1, -1,  1 ] CP12  [  1, -2,  0 ] CP19  [  1, -2,  0 ] CP19  [  1, -1, -1 ] CP13  [  1,  0,  0 ] CP01  [  1, -1,  1 ] CP12
[ -1,  1,  1 ] CN13  [ -1,  0,  2 ] CN21  [ -1, -1,  1 ] CN11  [ -1,  0,  0 ] CN01  [ -1,  0,  2 ] CN21  [ -1, -1,  1 ] CN11  [ -1,  0,  0 ] CN01  [ -1,  1,  1 ] CN13
[ -1,  1,  1 ] CN13  [ -1,  1, -1 ] CN12  [  0,  1,  0 ] CP02  [ -2,  1,  0 ] CN15  [ -2,  1,  0 ] CN15  [  0,  1,  0 ] CP02  [ -1,  1,  1 ] CN13  [ -1,  1, -1 ] CN12
[  1, -1, -1 ] CP13  [ -1, -1, -1 ] CN10  [  0, -1, -2 ] CN24  [  0, -1,  0 ] CN02  [  0, -1, -2 ] CN24  [  0, -1,  0 ] CN02  [ -1, -1, -1 ] CN10  [  1, -1, -1 ] CP13
[ -1,  1,  1 ] CN13  [  0,  0,  1 ] CP03  [  0,  2,  1 ] CP22  [  1,  1,  1 ] CP10  [  0,  2,  1 ] CP22  [ -1,  1,  1 ] CN13  [  1,  1,  1 ] CP10  [  0,  0,  1 ] CP03
[  1, -1, -1 ] CP13  [  2,  0, -1 ] CP17  [  0,  0, -1 ] CN03  [  1,  1, -1 ] CP11  [  2,  0, -1 ] CP17  [  1,  1, -1 ] CP11  [  1, -1, -1 ] CP13  [  0,  0, -1 ] CN03

1, 0 X135            1, 1 A3              1, 2 X135            1, 3 X135            1, 4 G13             1, 5 A5              1, 6 G13             1, 7 G13 
[  1,  0, -2 ] CP21  [  1,  1, -1 ] CP11  [  1,  0,  0 ] CP01  [  1, -1, -1 ] CP13  [  1, -1, -1 ] CP13  [  1,  0, -2 ] CP21  [  1,  1, -1 ] CP11  [  1,  0,  0 ] CP01
[ -1,  0,  0 ] CN01  [ -1, -1,  1 ] CN11  [ -1, -2,  0 ] CN18  [ -1, -1, -1 ] CN10  [ -1, -1,  1 ] CN11  [ -1, -2,  0 ] CN18  [ -1, -1, -1 ] CN10  [ -1,  0,  0 ] CN01
[  1,  1,  1 ] CP10  [  1,  1, -1 ] CP11  [  2,  1,  0 ] CP14  [  0,  1,  0 ] CP02  [  0,  1,  0 ] CP02  [  2,  1,  0 ] CP14  [  1,  1,  1 ] CP10  [  1,  1, -1 ] CP11
[  1, -1,  1 ] CP12  [ -1, -1,  1 ] CN11  [  0, -1,  0 ] CN02  [  0, -1,  2 ] CN25  [  0, -1,  0 ] CN02  [  0, -1,  2 ] CN25  [ -1, -1,  1 ] CN11  [  1, -1,  1 ] CP12
[ -2,  0,  1 ] CN17  [ -1, -1,  1 ] CN11  [ -1,  1,  1 ] CN13  [  0,  0,  1 ] CP03  [ -1,  1,  1 ] CN13  [ -2,  0,  1 ] CN17  [  0,  0,  1 ] CP03  [ -1, -1,  1 ] CN11
[  0,  0, -1 ] CN03  [  1,  1, -1 ] CP11  [ -1,  1, -1 ] CN12  [  0,  2, -1 ] CP23  [  1,  1, -1 ] CP11  [  0,  2, -1 ] CP23  [  0,  0, -1 ] CN03  [ -1,  1, -1 ] CN12

2, 0 X135            2, 1 X135            2, 2 A3              2, 3 X135            2, 4 G13             2, 5 G13             2, 6 A5              2, 7 G13 
[  1,  1, -1 ] CP11  [  1,  2,  0 ] CP18  [  1,  1,  1 ] CP10  [  1,  0,  0 ] CP01  [  1,  0,  0 ] CP01  [  1,  1, -1 ] CP11  [  1,  2,  0 ] CP18  [  1,  1,  1 ] CP10
[ -1,  1, -1 ] CN12  [ -1,  0,  0 ] CN01  [ -1, -1, -1 ] CN10  [ -1,  0, -2 ] CN20  [ -1,  0,  0 ] CN01  [ -1, -1, -1 ] CN10  [ -1,  0, -2 ] CN20  [ -1,  1, -1 ] CN12
[  0,  1,  2 ] CP24  [  0,  1,  0 ] CP02  [  1,  1,  1 ] CP10  [ -1,  1,  1 ] CN13  [ -1,  1,  1 ] CN13  [  1,  1,  1 ] CP10  [  0,  1,  2 ] CP24  [  0,  1,  0 ] CP02
[  0, -1,  0 ] CN02  [ -2, -1,  0 ] CN14  [ -1, -1, -1 ] CN10  [ -1, -1,  1 ] CN11  [ -1, -1, -1 ] CN10  [ -1, -1,  1 ] CN11  [ -2, -1,  0 ] CN14  [  0, -1,  0 ] CN02
[  0,  0,  1 ] CP03  [  1, -1,  1 ] CP12  [  1,  1,  1 ] CP10  [  2,  0,  1 ] CP16  [  1,  1,  1 ] CP10  [  0,  0,  1 ] CP03  [  2,  0,  1 ] CP16  [  1, -1,  1 ] CP12
[  0, -2, -1 ] CN22  [  1, -1, -1 ] CP13  [ -1, -1, -1 ] CN10  [  0,  0, -1 ] CN03  [  1, -1, -1 ] CP13  [  0,  0, -1 ] CN03  [  0, -2, -1 ] CN22  [ -1, -1, -1 ] CN10

3, 0 X135            3, 1 X135            3, 2 X135            3, 3 A3              3, 4 G13             3, 5 G13             3, 6 G13             3, 7 A5  
[  1,  0,  0 ] CP01  [  1,  1,  1 ] CP10  [  1,  0,  2 ] CP20  [  1, -1,  1 ] CP12  [  1, -1,  1 ] CP12  [  1,  0,  0 ] CP01  [  1,  1,  1 ] CP10  [  1,  0,  2 ] CP20
[ -1,  2,  0 ] CN19  [ -1,  1,  1 ] CN13  [ -1,  0,  0 ] CN01  [ -1,  1, -1 ] CN12  [ -1,  1,  1 ] CN13  [ -1,  0,  0 ] CN01  [ -1,  1, -1 ] CN12  [ -1,  2,  0 ] CN19
[  0,  1,  0 ] CP02  [  0,  1, -2 ] CP25  [  1,  1, -1 ] CP11  [ -1,  1, -1 ] CN12  [ -1,  1, -1 ] CN12  [  1,  1, -1 ] CP11  [  0,  1,  0 ] CP02  [  0,  1, -2 ] CP25
[  2, -1,  0 ] CP15  [  0, -1,  0 ] CN02  [  1, -1, -1 ] CP13  [  1, -1,  1 ] CP12  [  1, -1, -1 ] CP13  [  1, -1,  1 ] CP12  [  0, -1,  0 ] CN02  [  2, -1,  0 ] CP15
[ -1, -1,  1 ] CN11  [  0, -2,  1 ] CN23  [  0,  0,  1 ] CP03  [  1, -1,  1 ] CP12  [  0,  0,  1 ] CP03  [ -1, -1,  1 ] CN11  [  1, -1,  1 ] CP12  [  0, -2,  1 ] CN23
[ -1, -1, -1 ] CN10  [  0,  0, -1 ] CN03  [ -2,  0, -1 ] CN16  [ -1,  1, -1 ] CN12  [  0,  0, -1 ] CN03  [ -1,  1, -1 ] CN12  [ -1, -1, -1 ] CN10  [ -2,  0, -1 ] CN16

4, 0 A5              4, 1 G13             4, 2 G13             4, 3 G13             4, 4 A3              4, 5 X135            4, 6 X135            4, 7 X135
[  1,  0, -2 ] CP21  [  1,  1, -1 ] CP11  [  1,  0,  0 ] CP01  [  1, -1, -1 ] CP13  [  1, -1, -1 ] CP13  [  1,  0, -2 ] CP21  [  1,  1, -1 ] CP11  [  1,  0,  0 ] CP01
[ -1,  2,  0 ] CN19  [ -1,  1,  1 ] CN13  [ -1,  0,  0 ] CN01  [ -1,  1, -1 ] CN12  [ -1,  1,  1 ] CN13  [ -1,  0,  0 ] CN01  [ -1,  1, -1 ] CN12  [ -1,  2,  0 ] CN19
[  0,  1,  2 ] CP24  [  0,  1,  0 ] CP02  [  1,  1,  1 ] CP10  [ -1,  1,  1 ] CN13  [ -1,  1,  1 ] CN13  [  1,  1,  1 ] CP10  [  0,  1,  2 ] CP24  [  0,  1,  0 ] CP02
[  2, -1,  0 ] CP15  [  0, -1,  0 ] CN02  [  1, -1, -1 ] CP13  [  1, -1,  1 ] CP12  [  1, -1, -1 ] CP13  [  1, -1,  1 ] CP12  [  0, -1,  0 ] CN02  [  2, -1,  0 ] CP15
[ -2,  0,  1 ] CN17  [ -1, -1,  1 ] CN11  [ -1,  1,  1 ] CN13  [  0,  0,  1 ] CP03  [ -1,  1,  1 ] CN13  [ -2,  0,  1 ] CN17  [  0,  0,  1 ] CP03  [ -1, -1,  1 ] CN11
[  0, -2, -1 ] CN22  [  1, -1, -1 ] CP13  [ -1, -1, -1 ] CN10  [  0,  0, -1 ] CN03  [  1, -1, -1 ] CP13  [  0,  0, -1 ] CN03  [  0, -2, -1 ] CN22  [ -1, -1, -1 ] CN10

5, 0 G13             5, 1 A5              5, 2 G13             5, 3 G13             5, 4 X135            5, 5 A3              5, 6 X135            5, 7 X135
[  1,  1, -1 ] CP11  [  1,  2,  0 ] CP18  [  1,  1,  1 ] CP10  [  1,  0,  0 ] CP01  [  1,  0,  0 ] CP01  [  1,  1, -1 ] CP11  [  1,  2,  0 ] CP18  [  1,  1,  1 ] CP10
[ -1,  1,  1 ] CN13  [ -1,  0,  2 ] CN21  [ -1, -1,  1 ] CN11  [ -1,  0,  0 ] CN01  [ -1,  0,  2 ] CN21  [ -1, -1,  1 ] CN11  [ -1,  0,  0 ] CN01  [ -1,  1,  1 ] CN13
[  0,  1,  0 ] CP02  [  0,  1, -2 ] CP25  [  1,  1, -1 ] CP11  [ -1,  1, -1 ] CN12  [ -1,  1, -1 ] CN12  [  1,  1, -1 ] CP11  [  0,  1,  0 ] CP02  [  0,  1, -2 ] CP25
[  0, -1,  0 ] CN02  [ -2, -1,  0 ] CN14  [ -1, -1, -1 ] CN10  [ -1, -1,  1 ] CN11  [ -1, -1, -1 ] CN10  [ -1, -1,  1 ] CN11  [ -2, -1,  0 ] CN14  [  0, -1,  0 ] CN02
[ -1, -1,  1 ] CN11  [  0, -2,  1 ] CN23  [  0,  0,  1 ] CP03  [  1, -1,  1 ] CP12  [  0,  0,  1 ] CP03  [ -1, -1,  1 ] CN11  [  1, -1,  1 ] CP12  [  0, -2,  1 ] CN23
[  1, -1, -1 ] CP13  [  2,  0, -1 ] CP17  [  0,  0, -1 ] CN03  [  1,  1, -1 ] CP11  [  2,  0, -1 ] CP17  [  1,  1, -1 ] CP11  [  1, -1, -1 ] CP13  [  0,  0, -1 ] CN03

6, 0 G13             6, 1 G13             6, 2 A5              6, 3 G13             6, 4 X135            6, 5 X135            6, 6 A3              6, 7 X135
[  1,  0,  0 ] CP01  [  1,  1,  1 ] CP10  [  1,  0,  2 ] CP20  [  1, -1,  1 ] CP12  [  1, -1,  1 ] CP12  [  1,  0,  0 ] CP01  [  1,  1,  1 ] CP10  [  1,  0,  2 ] CP20
[ -1,  0,  0 ] CN01  [ -1, -1,  1 ] CN11  [ -1, -2,  0 ] CN18  [ -1, -1, -1 ] CN10  [ -1, -1,  1 ] CN11  [ -1, -2,  0 ] CN18  [ -1, -1, -1 ] CN10  [ -1,  0,  0 ] CN01
[  1,  1,  1 ] CP10  [  1,  1, -1 ] CP11  [  2,  1,  0 ] CP14  [  0,  1,  0 ] CP02  [  0,  1,  0 ] CP02  [  2,  1,  0 ] CP14  [  1,  1,  1 ] CP10  [  1,  1, -1 ] CP11
[  1, -1, -1 ] CP13  [ -1, -1, -1 ] CN10  [  0, -1, -2 ] CN24  [  0, -1,  0 ] CN02  [  0, -1, -2 ] CN24  [  0, -1,  0 ] CN02  [ -1, -1, -1 ] CN10  [  1, -1, -1 ] CP13
[ -1,  1,  1 ] CN13  [  0,  0,  1 ] CP03  [  0,  2,  1 ] CP22  [  1,  1,  1 ] CP10  [  0,  2,  1 ] CP22  [ -1,  1,  1 ] CN13  [  1,  1,  1 ] CP10  [  0,  0,  1 ] CP03
[ -1, -1, -1 ] CN10  [  0,  0, -1 ] CN03  [ -2,  0, -1 ] CN16  [ -1,  1, -1 ] CN12  [  0,  0, -1 ] CN03  [ -1,  1, -1 ] CN12  [ -1, -1, -1 ] CN10  [ -2,  0, -1 ] CN16

7, 0 G13             7, 1 G13             7, 2 G13             7, 3 A5              7, 4 X135            7, 5 X135            7, 6 X135            7, 7 A3  
[  1, -1, -1 ] CP13  [  1,  0,  0 ] CP01  [  1, -1,  1 ] CP12  [  1, -2,  0 ] CP19  [  1, -2,  0 ] CP19  [  1, -1, -1 ] CP13  [  1,  0,  0 ] CP01  [  1, -1,  1 ] CP12
[ -1,  1, -1 ] CN12  [ -1,  0,  0 ] CN01  [ -1, -1, -1 ] CN10  [ -1,  0, -2 ] CN20  [ -1,  0,  0 ] CN01  [ -1, -1, -1 ] CN10  [ -1,  0, -2 ] CN20  [ -1,  1, -1 ] CN12
[ -1,  1,  1 ] CN13  [ -1,  1, -1 ] CN12  [  0,  1,  0 ] CP02  [ -2,  1,  0 ] CN15  [ -2,  1,  0 ] CN15  [  0,  1,  0 ] CP02  [ -1,  1,  1 ] CN13  [ -1,  1, -1 ] CN12
[  1, -1,  1 ] CP12  [ -1, -1,  1 ] CN11  [  0, -1,  0 ] CN02  [  0, -1,  2 ] CN25  [  0, -1,  0 ] CN02  [  0, -1,  2 ] CN25  [ -1, -1,  1 ] CN11  [  1, -1,  1 ] CP12
[  0,  0,  1 ] CP03  [  1, -1,  1 ] CP12  [  1,  1,  1 ] CP10  [  2,  0,  1 ] CP16  [  1,  1,  1 ] CP10  [  0,  0,  1 ] CP03  [  2,  0,  1 ] CP16  [  1, -1,  1 ] CP12
[  0,  0, -1 ] CN03  [  1,  1, -1 ] CP11  [ -1,  1, -1 ] CN12  [  0,  2, -1 ] CP23  [  1,  1, -1 ] CP11  [  0,  2, -1 ] CP23  [  0,  0, -1 ] CN03  [ -1,  1, -1 ] CN12

